13
9
8
10
8
10
12
11
10
10
10
8
10
10
12
13
5
5
5
9
2
12
3
10
10
10
10
6
11
12
5
5
1
6
5
5
13
5
9
10
12
9
10
8
10
4
5
5
3
14
1
4
5
1
6
11
6
3
12
5
11
6
3
4
9
10
6
1
0
6
9
10
10
12
5
3
10
8
14
5
3
10
12
5
7
9
0
10
14
5
5
9
10
4
9
6
9
10
0
0
10
6
1
10
10
0
4
5
11
6
3
12
5
11
4
3
10
12
3
10
12
7
5
3
10
12
11
6
1
12
1
12
9
6
11
12
3
12
3
12
9
4
9
12
7
1
4
5
3
10
10
2
12
3
10
6
5
5
3
4
9
6
5
7
9
8
10
12
5
13
9
8
4
7
9
6
5
9
4
9
6
5
13
5
5
3
6
5
3
8
6
13
7
5
3
0
14
5
5
5
3
10
10
4
9
0
12
5
9
4
9
6
9
6
3
2
10
10
8
6
7
5
5
5
5
5
1
8
2
12
9
12
9
12
5
9
10
6
3
4
7
3
6
3
14
3
6
3
6
3
2
6
11
10
10
6
